+--------------------------+------------+------------+-----------------------------------+
| ΚΑΤΗΓΟΡΙΑ_ICD10          | ΕΤΟΣ_1     | ΕΤΟΣ_2     | ΑΡΙΘΜΟΣ_ΕΙΣΑΓΩΓΩΝ                 |
+--------------------------+------------+------------+-----------------------------------+
| A16                      |       2025 |       2026 |                                 8 |
| A20                      |       2025 |       2026 |                                10 |
| A23                      |       2025 |       2026 |                                 6 |
| A28                      |       2024 |       2025 |                                 6 |
| A31                      |       2024 |       2025 |                                 5 |
| A36                      |       2025 |       2026 |                                 5 |
| A40                      |       2024 |       2025 |                                 8 |
| A51                      |       2025 |       2026 |                                 6 |
| A54                      |       2024 |       2025 |                                10 |
| A83                      |       2024 |       2025 |                                10 |
| B21                      |       2024 |       2025 |                                 6 |
| B26                      |       2024 |       2025 |                                 5 |
| B26                      |       2025 |       2026 |                                 5 |
| B30                      |       2024 |       2025 |                                 5 |
| B41                      |       2024 |       2025 |                                 5 |
| B41                      |       2025 |       2026 |                                 5 |
| B55                      |       2024 |       2025 |                                 5 |
| B58                      |       2024 |       2025 |                                 5 |
| B58                      |       2025 |       2026 |                                 5 |
| B81                      |       2024 |       2025 |                                 7 |
| C00                      |       2024 |       2025 |                                 8 |
| C04                      |       2025 |       2026 |                                 7 |
| C11                      |       2024 |       2025 |                                 7 |
| C11                      |       2025 |       2026 |                                 7 |
| C18                      |       2025 |       2026 |                                10 |
| C31                      |       2025 |       2026 |                                11 |
| C41                      |       2024 |       2025 |                                10 |
| C49                      |       2025 |       2026 |                                 9 |
| C69                      |       2025 |       2026 |                                 8 |
| C94                      |       2025 |       2026 |                                 6 |
| C95                      |       2025 |       2026 |                                 6 |
| C96                      |       2024 |       2025 |                                 5 |
| C96                      |       2025 |       2026 |                                 5 |
| D07                      |       2024 |       2025 |                                 7 |
| D07                      |       2025 |       2026 |                                 7 |
| D11                      |       2024 |       2025 |                                 5 |
| D16                      |       2025 |       2026 |                                 5 |
| D21                      |       2024 |       2025 |                                 8 |
| D25                      |       2024 |       2025 |                                 5 |
| D30                      |       2024 |       2025 |                                 6 |
| D33                      |       2024 |       2025 |                                 7 |
| D38                      |       2024 |       2025 |                                 8 |
| D38                      |       2025 |       2026 |                                 8 |
| D40                      |       2024 |       2025 |                                 5 |
| D44                      |       2024 |       2025 |                                 9 |
| D52                      |       2024 |       2025 |                                 6 |
| D59                      |       2024 |       2025 |                                 8 |
| D73                      |       2024 |       2025 |                                 6 |
| D81                      |       2024 |       2025 |                                 7 |
| E00                      |       2024 |       2025 |                                 7 |
| E03                      |       2024 |       2025 |                                11 |
| E31                      |       2024 |       2025 |                                 6 |
| E34                      |       2024 |       2025 |                                 9 |
| E51                      |       2024 |       2025 |                                 5 |
| E76                      |       2025 |       2026 |                                 6 |
| E78                      |       2025 |       2026 |                                10 |
| E85                      |       2024 |       2025 |                                 8 |
| F07                      |       2025 |       2026 |                                 6 |
| F32                      |       2024 |       2025 |                                 9 |
| F41                      |       2025 |       2026 |                                 5 |
| F50                      |       2024 |       2025 |                                11 |
| F52                      |       2024 |       2025 |                                 7 |
| F81                      |       2024 |       2025 |                                 5 |
| F98                      |       2024 |       2025 |                                 9 |
| G24                      |       2025 |       2026 |                                 7 |
| G43                      |       2025 |       2026 |                                 5 |
| G45                      |       2024 |       2025 |                                 7 |
| G50                      |       2024 |       2025 |                                 6 |
| G51                      |       2024 |       2025 |                                 5 |
| G73                      |       2025 |       2026 |                                 7 |
| G93                      |       2025 |       2026 |                                10 |
| G96                      |       2025 |       2026 |                                 5 |
| H01                      |       2024 |       2025 |                                 7 |
| H16                      |       2024 |       2025 |                                 6 |
| H18                      |       2025 |       2026 |                                10 |
| H19                      |       2025 |       2026 |                                 5 |
| H26                      |       2024 |       2025 |                                 8 |
| H31                      |       2025 |       2026 |                                 7 |
| H51                      |       2024 |       2025 |                                 6 |
| H72                      |       2024 |       2025 |                                 5 |
| H72                      |       2025 |       2026 |                                 5 |
| H74                      |       2024 |       2025 |                                 7 |
| I07                      |       2024 |       2025 |                                 6 |
| I37                      |       2025 |       2026 |                                 5 |
| I51                      |       2025 |       2026 |                                11 |
| I62                      |       2024 |       2025 |                                 5 |
| I65                      |       2024 |       2025 |                                 9 |
| I67                      |       2024 |       2025 |                                10 |
| I72                      |       2025 |       2026 |                                 7 |
| I86                      |       2025 |       2026 |                                 9 |
| J12                      |       2024 |       2025 |                                 5 |
| J15                      |       2024 |       2025 |                                11 |
| J15                      |       2025 |       2026 |                                11 |
| J33                      |       2025 |       2026 |                                 6 |
| J34                      |       2025 |       2026 |                                 5 |
| J35                      |       2024 |       2025 |                                 7 |
| J41                      |       2024 |       2025 |                                 6 |
| J43                      |       2024 |       2025 |                                 6 |
| J43                      |       2025 |       2026 |                                 6 |
| J45                      |       2024 |       2025 |                                 5 |
| J95                      |       2024 |       2025 |                                11 |
| K12                      |       2024 |       2025 |                                 6 |
| K56                      |       2024 |       2025 |                                 7 |
| K57                      |       2025 |       2026 |                                 7 |
| K59                      |       2025 |       2026 |                                 5 |
| K66                      |       2025 |       2026 |                                 5 |
| K71                      |       2025 |       2026 |                                 6 |
| K74                      |       2025 |       2026 |                                 5 |
| K80                      |       2025 |       2026 |                                11 |
| K85                      |       2025 |       2026 |                                 5 |
| L04                      |       2024 |       2025 |                                 8 |
| L10                      |       2024 |       2025 |                                 6 |
| L10                      |       2025 |       2026 |                                 6 |
| L24                      |       2024 |       2025 |                                 6 |
| L44                      |       2025 |       2026 |                                 6 |
| L50                      |       2025 |       2026 |                                 5 |
| L54                      |       2024 |       2025 |                                 6 |
| L64                      |       2024 |       2025 |                                 6 |
| M05                      |       2024 |       2025 |                                 6 |
| M06                      |       2025 |       2026 |                                10 |
| M16                      |       2024 |       2025 |                                 8 |
| M21                      |       2024 |       2025 |                                 8 |
| M30                      |       2025 |       2026 |                                 7 |
| M33                      |       2024 |       2025 |                                 7 |
| M34                      |       2025 |       2026 |                                 6 |
| M54                      |       2025 |       2026 |                                 8 |
| M76                      |       2024 |       2025 |                                10 |
| M79                      |       2024 |       2025 |                                13 |
| M81                      |       2024 |       2025 |                                 9 |
| M92                      |       2024 |       2025 |                                15 |
| N30                      |       2025 |       2026 |                                 8 |
| N31                      |       2024 |       2025 |                                 9 |
| N37                      |       2024 |       2025 |                                 5 |
| N42                      |       2025 |       2026 |                                 7 |
| N74                      |       2024 |       2025 |                                 6 |
| N81                      |       2024 |       2025 |                                 7 |
| N82                      |       2024 |       2025 |                                 7 |
| N83                      |       2024 |       2025 |                                11 |
| N83                      |       2025 |       2026 |                                11 |
| N88                      |       2025 |       2026 |                                 5 |
| N95                      |       2024 |       2025 |                                 5 |
| O02                      |       2025 |       2026 |                                 5 |
| O12                      |       2024 |       2025 |                                 5 |
| O30                      |       2025 |       2026 |                                 5 |
| O32                      |       2024 |       2025 |                                13 |
| O65                      |       2024 |       2025 |                                 5 |
| O71                      |       2024 |       2025 |                                 8 |
| O81                      |       2025 |       2026 |                                 6 |
| O87                      |       2024 |       2025 |                                 9 |
| P00                      |       2025 |       2026 |                                 8 |
| P02                      |       2024 |       2025 |                                 7 |
| P02                      |       2025 |       2026 |                                 7 |
| P03                      |       2024 |       2025 |                                10 |
| P04                      |       2025 |       2026 |                                 8 |
| P15                      |       2024 |       2025 |                                 8 |
| P29                      |       2024 |       2025 |                                 7 |
| P36                      |       2025 |       2026 |                                 7 |
| P39                      |       2024 |       2025 |                                 8 |
| P55                      |       2025 |       2026 |                                 5 |
| P59                      |       2025 |       2026 |                                 7 |
| P70                      |       2025 |       2026 |                                 8 |
| P76                      |       2024 |       2025 |                                 5 |
| P96                      |       2025 |       2026 |                                 8 |
| Q05                      |       2025 |       2026 |                                 9 |
| Q06                      |       2024 |       2025 |                                 6 |
| Q13                      |       2024 |       2025 |                                 9 |
| Q17                      |       2025 |       2026 |                                 8 |
| Q42                      |       2025 |       2026 |                                 5 |
| Q44                      |       2025 |       2026 |                                 6 |
| Q64                      |       2025 |       2026 |                                10 |
| Q77                      |       2025 |       2026 |                                12 |
| Q78                      |       2024 |       2025 |                                 7 |
| Q92                      |       2025 |       2026 |                                 9 |
| Q97                      |       2025 |       2026 |                                 5 |
| R07                      |       2025 |       2026 |                                 7 |
| R43                      |       2025 |       2026 |                                 5 |
| R47                      |       2024 |       2025 |                                 7 |
| R76                      |       2025 |       2026 |                                 7 |
| R82                      |       2024 |       2025 |                                 9 |
| R93                      |       2024 |       2025 |                                11 |
| S04                      |       2024 |       2025 |                                12 |
| S08                      |       2024 |       2025 |                                 7 |
| S11                      |       2025 |       2026 |                                 7 |
| S15                      |       2024 |       2025 |                                 9 |
| S22                      |       2025 |       2026 |                                 8 |
| S35                      |       2024 |       2025 |                                11 |
| S38                      |       2024 |       2025 |                                 6 |
| S58                      |       2025 |       2026 |                                 8 |
| S63                      |       2024 |       2025 |                                 9 |
| S69                      |       2025 |       2026 |                                 6 |
| S76                      |       2025 |       2026 |                                 6 |
| S86                      |       2024 |       2025 |                                 6 |
| S90                      |       2025 |       2026 |                                10 |
| T02                      |       2025 |       2026 |                                12 |
| T03                      |       2025 |       2026 |                                 5 |
| T04                      |       2024 |       2025 |                                 7 |
| T18                      |       2024 |       2025 |                                10 |
| T19                      |       2025 |       2026 |                                 7 |
| T23                      |       2024 |       2025 |                                 6 |
| T62                      |       2025 |       2026 |                                 5 |
| T75                      |       2025 |       2026 |                                 6 |
| T80                      |       2025 |       2026 |                                 6 |
| T87                      |       2025 |       2026 |                                11 |
| V49                      |       2024 |       2025 |                                 5 |
| V49                      |       2025 |       2026 |                                 5 |
| V83                      |       2025 |       2026 |                                10 |
| Y40                      |       2025 |       2026 |                                11 |
| Y51                      |       2025 |       2026 |                                 7 |
| Y55                      |       2025 |       2026 |                                 8 |
| Y62                      |       2025 |       2026 |                                 7 |
| Y65                      |       2025 |       2026 |                                12 |
| Z01                      |       2024 |       2025 |                                 9 |
| Z11                      |       2025 |       2026 |                                 8 |
| Z30                      |       2024 |       2025 |                                 7 |
| Z31                      |       2025 |       2026 |                                12 |
| Z37                      |       2025 |       2026 |                                10 |
| Z41                      |       2024 |       2025 |                                 8 |
| Z44                      |       2024 |       2025 |                                 7 |
| Z46                      |       2025 |       2026 |                                 8 |
| Z55                      |       2024 |       2025 |                                 6 |
| Z55                      |       2025 |       2026 |                                 6 |
| Z74                      |       2025 |       2026 |                                 5 |
| Z76                      |       2024 |       2025 |                                 7 |
| Z84                      |       2024 |       2025 |                                 7 |
| Z86                      |       2025 |       2026 |                                 9 |
| Z96                      |       2025 |       2026 |                                 7 |
+--------------------------+------------+------------+-----------------------------------+
226 rows in set (0.766 sec)